closing_prices = [100, 101, 102, 100, 102, 104, 98, 96, 101];