m1 = [ 1:5; 6:10; 11:15; 16:20; 21:25 ];
m2 = zeros(5, 5);

% 4a
m2(1, 1) = m1(5, 5);
% 4b
v1 = m1(:,1);
% 4c
m2(:,3) = v1;
% 4d
m2(:,3) = m1(3,:);